1d60d1001b8-a1.png, 0.88316, 1.45010, 0, 0.3183098861982353, 0.00022572396502618791, 0.3712014938195462, 0.10306667356460622, 0.061377235442099366, 0.10871337817364138, 0.0027747668671558225, 0.1117800885816562, 0.038110524162864964, 0.08749814464978987, 0.1725172275289556, 0.044302476213736446, 0.07111407432594442, 0.013601994971972807, 0.017787639587713115, 0.012877915490699735, 0.03341256617947421, 0.04533261531107921, 0.031591062831884155, 0.046254946002297216, 0.008898069149057795, 0.016562867360992852, 0.04154319107000507, 0.010243026694543104, 0.011284740365421361
1d60d1001b8-a2.png, 0.88319, 1.45012, 0, 0.31830988619327455, 0.00022725791499237098, 0.3712105484666048, 0.10306858246349938, 0.061374230966761624, 0.10871326056945702, 0.0027657898857273043, 0.1117790684684469, 0.0381153720068145, 0.0874951918628118, 0.17251807236387576, 0.0443119194537179, 0.07112490147325654, 0.013593164403345813, 0.01778888290078454, 0.012876162454476944, 0.033405505128904604, 0.045334880759022284, 0.03158960110179666, 0.04625606869785441, 0.008896678833746249, 0.016564649217942314, 0.041548706520519056, 0.010254002481149264, 0.011276954476781727
1d60d1013b0-c.png, 0.90279, 1.48657, 1, 0.3183098861748235, 0.007729326451659211, 0.548163173827258, 0.0697250435815473, 0.05388396907311119, 0.056246465486141525, 0.2398244529833378, 0.11071583571732166, 0.04694775798187194, 0.02842790972727222, 0.11757720816067982, 0.03489772566297429, 0.10935573926104823, 0.034496295794434334, 0.09009012487980678, 0.032850074501026214, 0.05446439019104575, 0.11079387240191914, 0.05754670072576621, 0.03530425868929449, 0.16855989075906475, 0.062463654375577354, 0.07151836039050054, 0.05304536153200163, 0.02334361134282068
1d60d1016b1-b.png, 0.55179, 1.00157, 10, 0.31830988620157524, 2.6079898521912925e-07, 0.31591489344196283, 0.0005160278702914077, 1.0317206664860256e-06, 1.0429011896716058e-06, 0.10689698148105438, 0.00050826284896685, 0.10689345630430969, 2.3276043071729917e-06, 7.759446277664923e-07, 7.692085519861424e-07, 0.10449642325828666, 0.0005198726966292181, 0.10450134680447634, 0.0005198568645524581, 2.0635119807473923e-06, 2.058928603122576e-06, 2.049989040941292e-06, 2.090126314232324e-06, 0.06460482740576967, 0.0005043250805313556, 0.06461113767498526, 0.0005043453721140607, 0.06460480770892155
1d60d1017b2-b.png, 0.99932, 1.32336, 0, 0.3183098862033694, 9.633811124675862e-05, 0.29962484890717167, 0.08915361756775306, 0.0008932723623695792, 0.0008577881748721147, 0.0802597882383903, 0.07862605167099539, 0.07772845139609169, 0.0012368010495857579, 0.0011156338960424768, 0.00020001824737558006, 0.06377225132198476, 0.0808067134689874, 0.06686779545371302, 0.0788862188267818, 0.0006186263704710714, 0.002049353850772465, 0.0005504289955078808, 0.0017696427847068738, 0.01201836170438674, 0.06112957891917747, 0.015305780123287826, 0.06319761150776396, 0.012660792304478294
1d60d1022a2-a.png, 0.91604, 1.19296, 7, 0.3183098861826015, 0.0008108412210240937, 0.3384619124867056, 0.052012190506282606, 0.019612046928712826, 0.04003173961509858, 0.07428442453883739, 0.028909244839855217, 0.09133363871515743, 0.01103581903708637, 0.0330732973888742, 0.0326586147391285, 0.11070405424815175, 0.045323553955502756, 0.10798944715618734, 0.03730986030861266, 0.025311022343346447, 0.026470044904717875, 0.05492815405064536, 0.017921209325526242, 0.025620077162322955, 0.02223371114635374, 0.021376641898976423, 0.038171739469957416, 0.03563314844317124
1d60d1022a2-b.png, 0.99993, 1.55479, 0, 0.3183098861779031, 0.003558043509286497, 0.43141204408978934, 0.10535985091558851, 0.058476402464881436, 0.09065013899370612, 0.09535706344637625, 0.10300281155167089, 0.06125300678063101, 0.02737759945007397, 0.1240013360627759, 0.07183598701093005, 0.11160334664643719, 0.017880237937101962, 0.07062985998748766, 0.039253864056492, 0.06097942324542401, 0.06172350925756725, 0.0637894181912033, 0.06250682179283215, 0.08486835520365152, 0.05812481980088246, 0.01912615213977062, 0.025664040420149022, 0.028212031148512836
1d60d1062a2-j1.png, 0.97153, 14.98698, 9, 0.31830988618281375, 5.314567174158028e-06, 0.317419150757145, 0.3157760573439307, 1.070901504808402e-05, 1.084197797957887e-05, 0.31128304563694814, 0.3140077876113419, 0.31128518588103576, 1.6259253490111258e-05, 1.645086224371983e-05, 1.684813649698825e-05, 0.30866684874281064, 0.30488094357612283, 0.30866391359234835, 0.3048868699823226, 2.2033379959110386e-05, 2.2274467559923213e-05, 2.2775219444791838e-05, 2.3572608430318616e-05, 0.29663695452444605, 0.3014556121282779, 0.2966406248410114, 0.30144819966751396, 0.29665192125487605
1d60d1062a2-k.png, 0.50927, 2.61435, 8, 0.31830988617988665, 0.00532150971066085, 0.3154008631240206, 0.23927363921996792, 0.17190425015076774, 0.14880566523007804, 0.0950728521042789, 0.30408760509653343, 0.09249675152759407, 0.2866179352240883, 0.02539252472150195, 0.18654409847623016, 0.00480999851040361, 0.13475337109299707, 0.22435261505735626, 0.0671090330594651, 0.25717953363032015, 0.18127750901183315, 0.16569934278101053, 0.10876345578004952, 0.11136264302720476, 0.02270747500280558, 0.2004680426523821, 0.06124765353624379, 0.13683450657115614
1d60d1062a2-k1.png, 0.35683, 3.31748, 6, 0.31830988618296946, 0.004252288247932138, 0.27807299969300653, 0.2817312150278455, 0.17584528992237833, 0.15738325617685628, 0.14836717426613433, 0.2957260969657508, 0.16487015463384694, 0.2839014492487182, 0.03812005405888562, 0.25151248631523276, 0.058836444720020434, 0.15862304469998034, 0.28554093382202944, 0.009773303744983551, 0.2936716539898284, 0.23701448449534704, 0.13385630004619156, 0.23340678725936254, 0.07639723583412372, 0.025537629652940156, 0.24540985674877885, 0.17595786886120263, 0.15482594744553338
1d60d1064a0-a.png, 0.99177, 13.94135, 4, 0.31830988618235645, 7.347081949546857e-06, 0.3174763102253305, 0.3152161784434366, 1.4826260252226132e-05, 1.4548722253778674e-05, 0.30982576937086764, 0.3135479180646753, 0.309838873798827, 1.7070313749114604e-05, 2.4771415119941084e-05, 2.4118281743167735e-05, 0.3073418966705993, 0.3022230967455631, 0.30732440854028326, 0.30225957735738773, 2.0961302917441796e-05, 2.0187868864981226e-05, 3.861701546926771e-05, 3.77837597139527e-05, 0.29249591481231996, 0.29892324524928876, 0.2925169837204933, 0.29887923874857164, 0.2925877247442777
1d60e1007b3-a.png, 0.86485, 2.09087, 7, 0.31830988618118267, 0.0014627227544050353, 0.38209695038841057, 0.17927799989750431, 0.04076779107265639, 0.04511219487828537, 0.182924239338734, 0.13593378707717216, 0.11448143638717094, 0.030205575281432254, 0.0241882472889469, 0.06588959021058549, 0.010362895948796379, 0.011657271683155404, 0.049318991063973465, 0.06841133142015467, 0.025400838691202788, 0.006587782973220845, 0.0623295822939228, 0.05186923955892745, 0.16847894358986196, 0.004798898685615972, 0.11591923076213327, 0.06945686351566954, 0.019662131803161946
1d60e1007b3-b.png, 0.97147, 3.14051, 1, 0.3183098861784235, 2.2378271471588415e-05, 0.32422384838900914, 0.25656466532796246, 0.0013178987412499439, 0.0009821198029285958, 0.1767071961305129, 0.26278916349566617, 0.17245842625503163, 0.0034883302690215303, 0.005171315329519518, 0.0038165991588563737, 0.16976777301586257, 0.09122694718486386, 0.1767124112010419, 0.08249864379852351, 0.006597998930347888, 0.008855675567617976, 0.010242456388416596, 0.007729012802113278, 0.001355038793994962, 0.08916465070223711, 0.004760376011106208, 0.08952728038492126, 0.0031653916884085997
1f80e1030a0-a.png, 0.70603, 1.18038, 5, 0.31830988619880246, 8.091124271368192e-07, 0.31266705412223855, 0.02972469422910663, 2.729474366362829e-05, 3.3758804566194705e-05, 0.10434641802216431, 0.02866325973614682, 0.10418510328329442, 3.378120783571873e-05, 2.9535188856730905e-06, 2.9824678814960362e-05, 0.09869397591005687, 0.02973788732104209, 0.09883021895218567, 0.029716207896661778, 2.3660112135558745e-06, 2.56980670388965e-05, 8.727904754936947e-07, 4.7112016068380166e-05, 0.05912101686061202, 0.027624063385530476, 0.0592808552853665, 0.027687338074663805, 0.059053880674667186
1f80e1030a0-b.png, 0.92603, 1.12638, 4, 0.3183098862050489, 0.0005199249420981699, 0.2794093822865804, 0.04350772204103881, 0.004773489349075104, 0.007889199492542489, 0.1316832258627368, 0.03184975157673387, 0.0905017966202755, 0.00901362173723202, 0.002062262054574434, 0.008825713514168575, 0.05211479473073578, 0.051527765938166735, 0.07631706554949089, 0.03586617788273648, 0.0043892881156311295, 0.004273236236217886, 0.003068358727012274, 0.009744210345211342, 0.06679465930960136, 0.017629046909939453, 0.06648393588463608, 0.0227610689871912, 0.03482294560917352
1f80e1030a0-d.png, 0.98501, 2.60057, 97, 0.3183098861879325, 2.7597498553047613e-06, 0.31069450546452704, 0.2381666906876537, 8.470636641422845e-05, 7.986098354766364e-05, 0.12883850994551496, 0.22696674538863323, 0.1288975682667857, 0.00022217645311518395, 0.00017404427989771093, 8.879040707211162e-05, 0.11960708853203852, 0.02324110890346317, 0.11942232662000968, 0.0228103590608325, 0.00023817647319893337, 0.00016527738262821397, 7.134246097139052e-05, 0.0001744217497114821, 0.05088694955477933, 0.0200370809709674, 0.05127556392705837, 0.019870996532294242, 0.051947018364501836
1m86d1011c5-c.png, 0.99341, 1.40445, 2, 0.31830988617036643, 4.139270193480878e-07, 0.31567493940566643, 0.10265307398878462, 8.301239173895297e-07, 1.3895839597952368e-06, 0.06283776080093623, 0.10095362505763421, 0.06283283045145152, 3.152710073279092e-06, 1.650176488967898e-07, 2.3119003020031254e-06, 0.0612910852116856, 0.08214232888830372, 0.06129795923048699, 0.08213791999485034, 4.51264231763804e-06, 1.1101470181125713e-07, 2.737393646174847e-06, 1.5646952151730137e-07, 0.004383252645605234, 0.07944545189737663, 0.004374463233996531, 0.0794510893604177, 0.0043796804099578025
1m86d1011c5-d.png, 0.97545, 30.63642, 11, 0.3183098861848352, 0.0018832429987893032, 0.3461664094855996, 0.30360972131777036, 0.002482105150715338, 0.0033357862102272235, 0.2938416257224839, 0.35562328642153773, 0.28937628711761426, 0.0008047747398249123, 0.002286238534059935, 0.004502970313730857, 0.35678133996015565, 0.28717843936188564, 0.3621386897833201, 0.27560476202466705, 0.0032322110178876835, 0.002037650388368695, 0.0022809661354169135, 0.0055355835121705865, 0.28847776869144504, 0.35392462298912786, 0.2829259156015559, 0.3659841649453269, 0.26229065956611947
1m86d1011c5-d1.png, 0.97570, 30.66463, 11, 0.31830988618384987, 0.0018438392334496428, 0.3451832729347756, 0.3041013834516785, 0.0024695407480047338, 0.0032795177215336475, 0.2944890197230021, 0.35437493706580314, 0.29030134388491746, 0.0009137540588852364, 0.0023272855979969086, 0.004445232120127957, 0.3557123951473362, 0.28778722405457974, 0.36076103604439197, 0.27690908434637657, 0.002936476214283033, 0.001769367451668946, 0.002289415980095365, 0.00548418979066995, 0.28863007534134233, 0.3531769216055883, 0.2833616931991262, 0.36458851796824987, 0.2639240146803637
1m86d1011c5-e.png, 0.97119, 17.51302, 8, 0.31830988618293404, 6.131917913636822e-06, 0.3174903408495427, 0.3164769460518395, 1.243327355435514e-05, 1.2480457147582156e-05, 0.31316347229085617, 0.3148461002987957, 0.3131649152886097, 1.906744900836738e-05, 1.9132225029607625e-05, 1.9275210944336256e-05, 0.31074002938090717, 0.30839764922002394, 0.3107380588205224, 0.30840165639081524, 2.6185887803943335e-05, 2.6261247091720814e-05, 2.6429666538225445e-05, 2.6726632381879282e-05, 0.302217052920572, 0.3052060385147252, 0.30221950262275404, 0.3052010549472845, 0.3022271878982849
1m86d1011c5-f.png, 0.97735, 19.57652, 0, 0.3183098861847433, 0.0011158858842825357, 0.3539945474505602, 0.29871062690452393, 0.006393620821842187, 0.0035956463162302235, 0.2973118389982107, 0.35683751147530157, 0.2815162965334461, 0.013995888639164978, 0.012735462853215584, 0.006766670638686792, 0.34087430286146714, 0.30001286956000633, 0.3529886351834732, 0.26618631015066435, 0.01623375200604652, 0.017677663671070057, 0.018224493764010453, 0.01011177014520386, 0.30746492578501416, 0.32731542574015143, 0.3019700687616514, 0.34490930826310645, 0.2522880695615813
1m86d1011c5-g.png, 0.94442, 20.21568, 0, 0.3183098861830433, 0.00013389913157456785, 0.3235779107752984, 0.31394391147519096, 0.000771335986157579, 0.0004323048016219865, 0.36430608779731694, 0.28717437499363035, 0.3178067870007064, 0.005965215384131618, 0.002290797858720523, 5.185651021706948e-05, 0.3619963793726352, 0.3054615437635862, 0.2841638595876598, 0.31934843634883076, 0.0014731665658488167, 0.005924332018545241, 0.0044870356098655135, 0.0006007063093770114, 0.29184866507827634, 0.3651996979383626, 0.2600769663453944, 0.2923520321459123, 0.31740181255052713
1m86d1012c5-b.png, 0.92968, 18.28752, 0, 0.31830988618480605, 0.00013234345626133567, 0.32371769356601793, 0.31351588375305045, 0.0008370010779914894, 0.00045051108611361267, 0.3695153961437604, 0.28281325323144846, 0.31778147674999496, 0.007042852537431423, 0.002768931595092792, 4.138060080905799e-05, 0.36888882373653914, 0.3012818260842554, 0.2801603543178662, 0.3191336887458016, 0.001452443329015906, 0.0067641140703673325, 0.00526284572566869, 0.0008094125971407691, 0.28985104726569993, 0.36858947555905885, 0.2510105539760932, 0.28953770057875355, 0.31638640550760544
1m86d1012c5-c.png, 0.97055, 17.65204, 0, 0.3183098861845638, 0.0011150987689301749, 0.3568299422621474, 0.2969253393692557, 0.007657296743638387, 0.004008907522361995, 0.2976916236306641, 0.3578231888826843, 0.2785119109034256, 0.01652778244298167, 0.015220160022601846, 0.007724936475790708, 0.33811044718767747, 0.3018185164720838, 0.35136265393104504, 0.2623060829614101, 0.017231868515377707, 0.019573316943033766, 0.021268107928737186, 0.011555672476651312, 0.3079315191648474, 0.32365688734061954, 0.30348022191385904, 0.3406100810495933, 0.24771978569805989
1m86d1012c5-d.png, 0.97256, 27.27573, 10, 0.318309886183378, 0.0020888271909019042, 0.3492447808959976, 0.301895382849523, 0.0025831786125081347, 0.003641251789839305, 0.2916192484829287, 0.3591589399852713, 0.28607871326426276, 0.0003885988495940347, 0.002249518994349708, 0.004863621184379216, 0.358958748753189, 0.285071516481692, 0.3654758150275001, 0.27085116063570225, 0.004706885949907029, 0.0033329107097735027, 0.002718917489974116, 0.0059694401054306125, 0.28786408737183233, 0.35415939866285856, 0.2813038545012654, 0.3685729184178982, 0.25620467363268934
1m86d1012c5-d1.png, 0.97256, 27.29096, 10, 0.31830988618401773, 0.002097802515563215, 0.3487660851987217, 0.3021348916831572, 0.002625577538812804, 0.003667062768452165, 0.2919200344568138, 0.3585608383678177, 0.28652716760905483, 0.00046404826925402256, 0.0023083269874956966, 0.00490663337822085, 0.3584715735975146, 0.28533511904112374, 0.3648281542664866, 0.2714807375848848, 0.004515464189719899, 0.0031455722048435637, 0.0026770720611045667, 0.0060219947395517325, 0.28788405708047216, 0.3538475809530034, 0.28146591367379953, 0.36793117358597444, 0.25699008647709454
1m86d1012c5-f.png, 0.97912, 17.57713, 5, 0.31830988618293404, 6.131917913636822e-06, 0.3174903408495427, 0.3164769460518395, 1.243327355435514e-05, 1.2480457147582156e-05, 0.31316347229085617, 0.3148461002987957, 0.3131649152886097, 1.906744900836738e-05, 1.9132225029607625e-05, 1.9275210944336256e-05, 0.31074002938090717, 0.30839764922002394, 0.3107380588205224, 0.30840165639081524, 2.6185887803943335e-05, 2.6261247091720814e-05, 2.6429666538225445e-05, 2.6726632381879282e-05, 0.302217052920572, 0.3052060385147252, 0.30221950262275404, 0.3052010549472845, 0.3022271878982849
1m86d1012c5-g.png, 0.99341, 1.40445, 2, 0.31830988617036643, 4.139270193480878e-07, 0.31567493940566643, 0.10265307398878462, 8.301239173895297e-07, 1.3895839597952368e-06, 0.06283776080093623, 0.10095362505763421, 0.06283283045145152, 3.152710073279092e-06, 1.650176488967898e-07, 2.3119003020031254e-06, 0.0612910852116856, 0.08214232888830372, 0.06129795923048699, 0.08213791999485034, 4.51264231763804e-06, 1.1101470181125713e-07, 2.737393646174847e-06, 1.5646952151730137e-07, 0.004383252645605234, 0.07944545189737663, 0.004374463233996531, 0.0794510893604177, 0.0043796804099578025
1sl4e1020a3-g.png, 0.69239, 2.49929, 5, 0.3183098861779733, 8.695220102664303e-07, 0.31589599693684883, 0.23465288013127933, 4.2545972409695404e-07, 2.2157885604715403e-06, 0.12373629177939906, 0.23109404381190415, 0.12374349806654363, 1.9574441948195587e-06, 7.069432091897406e-07, 4.653580895952368e-06, 0.12091475565282443, 0.01861956551871648, 0.12090476431921998, 0.018634347071077084, 5.884387213336805e-06, 2.370914130970033e-06, 2.833540359341577e-06, 7.008657957987968e-06, 0.05284079689594999, 0.018018314973456656, 0.05282811669435431, 0.01799955470423051, 0.052813118244269534
1sl4e1020a3-k.png, 0.99080, 2.05654, 2, 0.3183098861758472, 8.505328919548066e-07, 0.30221846000869057, 0.20249114999314424, 4.6946308656795226e-05, 4.662278413261117e-05, 0.0599527290050818, 0.18194708372470708, 0.060945700955784984, 3.478827284064592e-05, 9.804173324328212e-05, 7.340666239436667e-05, 0.05133859593734908, 0.048788118721222004, 0.05002601332300354, 0.047071652179870575, 4.679087568672849e-05, 0.00011850965318186061, 8.584633165097402e-05, 3.238946878505712e-05, 0.08832346651001646, 0.03935880295827962, 0.08676225666165215, 0.041403960639113176, 0.08572551977399563
1slcd1147c0-a3.png, 0.99061, 1.00142, 2, 0.31830988617506684, 2.8898503513730876e-06, 0.281300360314507, 0.0005409051036769647, 5.97024663531785e-05, 6.571661740057932e-05, 0.11767565759725364, 0.00042151644610399184, 0.11642502086286773, 0.00012553068029588324, 4.940164400720953e-05, 6.820488907886654e-05, 0.07890696438027464, 0.000603636807777938, 0.08057806779145316, 0.0005723851331674699, 0.00011662126931566303, 9.37732698580998e-05, 0.00011502897447297764, 0.00011599133168480021, 0.07472496256218432, 0.00033344518828139186, 0.0767430206633841, 0.0003685615127749107, 0.07462340896572683
1slcd1148c0-a.png, 0.92694, 3.38358, 9, 0.3183098861892848, 3.2614217579864797e-07, 0.3111670532722784, 0.2730763532298069, 2.2678166363912228e-05, 2.1695289656430912e-05, 0.203741604951049, 0.2607806604022359, 0.20406608720173988, 3.318287213410949e-06, 5.6064578350365175e-05, 5.1540535741536235e-05, 0.19021956816154817, 0.12266433334400931, 0.18979362706244415, 0.1234299392204936, 2.7016050193717374e-05, 3.988770977985459e-05, 8.195918441948408e-05, 6.880037880560623e-05, 0.0431736354249879, 0.111658633308147, 0.0436757237725489, 0.1107551775139214, 0.04478620137949025
1slcd1148c0-a1.png, 0.96895, 3.45873, 5, 0.3183098861892848, 3.2614217579864797e-07, 0.3111670532722784, 0.2730763532298069, 2.2678166363912228e-05, 2.1695289656430912e-05, 0.203741604951049, 0.2607806604022359, 0.20406608720173988, 3.318287213410949e-06, 5.6064578350365175e-05, 5.1540535741536235e-05, 0.19021956816154817, 0.12266433334400931, 0.18979362706244415, 0.1234299392204936, 2.7016050193717374e-05, 3.988770977985459e-05, 8.195918441948408e-05, 6.880037880560623e-05, 0.0431736354249879, 0.111658633308147, 0.0436757237725489, 0.1107551775139214, 0.04478620137949025
1slcd1148c0-a3.png, 0.99061, 1.00159, 2, 0.31830988617506684, 2.8898503513730876e-06, 0.281300360314507, 0.0005409051036769647, 5.97024663531785e-05, 6.571661740057932e-05, 0.11767565759725364, 0.00042151644610399184, 0.11642502086286773, 0.00012553068029588324, 4.940164400720953e-05, 6.820488907886654e-05, 0.07890696438027464, 0.000603636807777938, 0.08057806779145316, 0.0005723851331674699, 0.00011662126931566303, 9.37732698580998e-05, 0.00011502897447297764, 0.00011599133168480021, 0.07472496256218432, 0.00033344518828139186, 0.0767430206633841, 0.0003685615127749107, 0.07462340896572683
1slcd1149c0-a2.png, 0.98518, 1.66179, 2, 0.31830988618451167, 1.6821723424000427e-06, 0.2804043451857618, 0.15722372808848345, 5.8273916020668825e-05, 6.176656857962463e-05, 0.014927805441637106, 0.11942790747432469, 0.012547673996517836, 6.867335380618309e-05, 9.33037538000038e-05, 7.33133681119869e-05, 0.011335456659930212, 0.09675078670003331, 0.01431229716537029, 0.09381916787449446, 7.887026076453331e-05, 0.00013010226338055496, 5.238262192571163e-05, 8.55751773829614e-05, 0.06887925056189649, 0.05623506592543482, 0.06559306099766003, 0.05950215436472183, 0.06610291212331602
1slcd1149c0-a6.png, 0.99279, 2.96525, 3, 0.3183098861844045, 2.6003056660962944e-06, 0.30364421372410566, 0.25892278557710713, 4.493635869298254e-05, 4.6428614931716885e-05, 0.16946126341910905, 0.23486226269287042, 0.17056563139622138, 1.281210374510334e-05, 0.00010300450095011935, 0.00010075160952043328, 0.14631543280641623, 0.07181414294545989, 0.14493134919248155, 0.07424521840284919, 4.74181866336393e-05, 7.380927174197873e-05, 0.00013207147833686552, 0.00011928624305640035, 0.013355800872144651, 0.057752297041236945, 0.011824851279269471, 0.05505325605457023, 0.008697484713965654
1slcd1149c0-a7.png, 0.98162, 1.15812, 3, 0.3183098861739922, 1.0509831064248653e-06, 0.26383604411999967, 0.05201683015588361, 5.4462405912926794e-05, 6.143311721924281e-05, 0.1112084292933832, 0.03400115804219749, 0.10827120977942625, 0.00010127528495107964, 5.475691362570843e-05, 5.00120278552464e-05, 0.05884477360121274, 0.056055472520401384, 0.06263637831369229, 0.05501367359423107, 8.75262500078947e-05, 9.685518690080014e-05, 8.101180374739514e-05, 0.00011840641859489441, 0.0549732747025998, 0.02149018370657242, 0.05934412034964426, 0.022728685825107967, 0.054933917738427346
1slcd1199c0-a.png, 0.99374, 1.15985, 4, 0.31830988618358125, 1.6470968341778545e-06, 0.3031821681421926, 0.04610664640104891, 3.8414109429368665e-05, 3.860201890894533e-05, 0.10214767367030424, 0.04171967801921402, 0.1019112833307623, 6.671564223682129e-05, 4.4421248165979025e-05, 1.6941774310003813e-05, 0.08793056262402207, 0.046245918306315116, 0.08825449865714625, 0.04615741058857746, 5.2791228752998216e-05, 8.754329640034844e-05, 5.252449166048967e-05, 8.768135757797278e-05, 0.052817245952020614, 0.037751677272317034, 0.05322195628211398, 0.037862452561735455, 0.05283644032844172
1slcd1205a1-a.png, 0.98786, 1.05825, 5, 0.3183098861728136, 1.8601174738681022e-06, 0.2927323077119849, 0.01838513194816135, 2.512957563102432e-05, 2.6591200377971587e-05, 0.11286110377678832, 0.015422019730464361, 0.11228317001747319, 5.08163818795939e-05, 2.2736287471067242e-05, 2.2795359123383464e-05, 0.08677740498649585, 0.019591566812042403, 0.08756339750278377, 0.019512894237613734, 4.5130873341948744e-05, 4.612799302823097e-05, 4.558629225196457e-05, 5.2541992305833786e-05, 0.06944563325026189, 0.01363767936091352, 0.07041752292729299, 0.013735514364051966, 0.06942233390644416
1v80d2007a1-a.png, 0.90776, 2.84588, 5, 0.31830988617924105, 0.00012824282821767655, 0.34451358135321253, 0.23958412305151663, 0.03234378723008803, 0.03219822421436246, 0.14106332373179145, 0.28615269249930436, 0.14274176571572053, 0.035906530650418544, 0.00608546616966411, 0.049000149421875625, 0.1585558581814001, 0.08595201363386065, 0.1668244975286128, 0.06646120457261105, 0.03932303779131614, 0.03718463722452395, 0.034465974893205555, 0.04266397542762824, 0.0410646950071851, 0.047315880774530805, 0.02315123355703664, 0.05662173055030636, 0.04170058221878489
1v80d3004b1-a.png, 0.93111, 3.17066, 5, 0.3183098861775525, 0.00031403728624610926, 0.3716042267168803, 0.24010808861472663, 0.042387829908003875, 0.02143455204951607, 0.1823961244678485, 0.29881184689584295, 0.1656247758457181, 0.015073293991397549, 0.009934053341192491, 0.027346826810801042, 0.1826570666920251, 0.11331825273235951, 0.20261559576057753, 0.10367388973752989, 0.02966775851560206, 0.01943143324255159, 0.02134419064146731, 0.026119617203066575, 0.057532072025761015, 0.07457567622247216, 0.045798039604369935, 0.10765463751921704, 0.05936767359109434
2ak0e1019a0-a.png, 0.99083, 18.98449, 4, 0.31830988618454376, 9.931074797168278e-06, 0.31837486075694316, 0.31634720460448534, 1.856815554448994e-05, 1.9294079597636135e-05, 0.313147876277065, 0.3164371499447256, 0.31313607335814153, 2.09467059581391e-05, 2.8002061170203614e-05, 2.986068368741717e-05, 0.31316639526937434, 0.30874542288187645, 0.3131829060427833, 0.308713992929435, 2.1429997006732856e-05, 2.215378055956772e-05, 4.024655273873102e-05, 4.3228970183657614e-05, 0.30320306258093194, 0.30858411913063405, 0.3031818863421916, 0.3086245351850483, 0.30312630399957385
2m60d1003a5-b.png, 0.94541, 3.44763, 8, 0.31830988618134876, 1.209117393981206e-06, 0.31639070193173413, 0.26968670652189153, 6.630838239784766e-05, 6.902729852678744e-05, 0.19785656720857048, 0.2664306272308869, 0.19794907813971166, 5.733250698305912e-05, 0.0001699734411030442, 0.00017864108825071416, 0.19439508594363292, 0.11577765332845492, 0.19427233117967638, 0.11599573952820523, 0.000151293443398123, 0.00015694028035763823, 0.0002671353041513682, 0.00028545623554465736, 0.037403588624362424, 0.11315729509606387, 0.03755121690199161, 0.11289637275175868, 0.03786489651588372
2m60d4027a0-a.png, 0.97279, 8.36406, 2, 0.31830988618422373, 1.5912776600858156e-06, 0.317518876564642, 0.30981953376395754, 4.6942341636560816e-05, 4.551866294050367e-05, 0.29574349131304034, 0.308088283967853, 0.2958820537649814, 6.9606146849812676e-06, 0.000127548245850543, 0.00013058231918415384, 0.2930103371742782, 0.27670061656859485, 0.2928413933133275, 0.27708421890921764, 7.783847484119566e-05, 6.125835906228807e-05, 0.00022858169219272496, 0.00024449366732626443, 0.25321002982450375, 0.272626855504934, 0.25338831140066054, 0.2722162937860708, 0.25414347652883545
2m60d4027a0-b.png, 0.99058, 3.24797, 0, 0.31830988617990863, 0.00019233333124393283, 0.32543298258430653, 0.2595347234992621, 0.002068347802707268, 0.0006123089165036157, 0.18376996403150947, 0.2691894597467859, 0.17763381215842788, 0.006826541593708744, 0.00424262224609424, 0.0026063374215335956, 0.18220328645426717, 0.10133215901500506, 0.1872081489521475, 0.08792625789935633, 0.011264954643585125, 0.009681539922447503, 0.00505540495210451, 0.0065850594909124555, 0.028895844558280308, 0.08876427526944351, 0.02641584101969843, 0.09630349442473488, 0.006513591572621098
2slce1011a4-a.png, 0.86678, 1.43447, 59, 0.3183098861706094, 2.767230339672169e-05, 0.2643786945270053, 0.10448564148212898, 0.0011036969626823905, 0.0019291766963842134, 0.09348442421166447, 0.06475703474462213, 0.057468757577123365, 0.0010530397554380378, 0.0011110617331777644, 0.0018935911456437326, 0.026395297406684858, 0.1038868766100535, 0.0541729775570672, 0.07417945522000428, 0.0004964830485713988, 0.0009419183463998514, 0.0003762620118447601, 0.0018208710898305644, 0.007211839710299576, 0.023577677192572928, 0.00414973577064976, 0.040146698474933115, 0.013261637000166011
2slce1011a4-a1.png, 0.67212, 75.32398, 2, 0.318309886183512, 9.333675272141272e-05, 0.32721758273395446, 0.313686941064938, 0.00017371488147287367, 0.00020465895796644812, 0.30245687302593144, 0.33581570088964763, 0.30788531905359484, 0.0004406244627731533, 0.0011195105997026632, 0.0007238026813862325, 0.2952521378792905, 0.33064811701537056, 0.32951478004207246, 0.3039298534728369, 0.001384931839672181, 0.001809530269626927, 0.0009093545348841896, 0.0013269108587149572, 0.28835838677712794, 0.32738803798740257, 0.33096254523250457, 0.3237812885624396, 0.3010165809053394
2slce1011a4-b.png, 0.90926, 1.23375, 3, 0.3183098861687107, 3.2737870874728914e-05, 0.24505633217431474, 0.07376328286516487, 0.002225822943459565, 0.005263925518836721, 0.13740875688529963, 0.024909479053602513, 0.045368589770199266, 0.0027526775720396746, 0.0011335652618805982, 0.003161127464071363, 0.013412077308443602, 0.08347336818484043, 0.043073114362911634, 0.034337272894838476, 0.0008123188184187049, 0.0004964162943568042, 0.0003832391658541289, 0.005959502193175658, 0.04580244321979221, 0.01839299771837626, 0.022011344241499232, 0.012028501172378572, 0.022599344665964336
2slce1011a4-c.png, 0.99900, 10.28050, 2, 0.3183098861837896, 5.4570854662837935e-06, 0.3174396730148608, 0.31241827197020466, 1.2333441887350355e-05, 2.0392905653613776e-05, 0.3024639196060384, 0.31066504527133204, 0.3024956765637213, 5.067716834994703e-05, 7.249999758862932e-05, 0.00010504400118045025, 0.2998547855987755, 0.2887157310252764, 0.2998143688232323, 0.2888040034285267, 0.00013979987265618366, 0.000157631788164285, 0.00020497528625566328, 0.0002752497557675789, 0.27147028053938477, 0.2852279330026701, 0.271515802674326, 0.2851279318472361, 0.27168879865108325
2slce1011a4-e1.png, 1.00000, 2.38718, 0, 0.3183098861947529, 1.6000959696920298e-06, 0.31580818706987884, 0.22342604194948423, 1.8216354766310836e-06, 2.7365384656297466e-06, 0.10216447033289029, 0.21991419971433052, 0.10217316076638082, 1.0448236794442521e-07, 1.4569805143303715e-06, 3.3745347888354536e-06, 0.09975010748451928, 0.005013883063536054, 0.0997380271220424, 0.004996901074802991, 2.956123996928907e-06, 1.1895466945907764e-06, 1.3154980317529321e-06, 3.0792262755764786e-06, 0.06741235006522377, 0.004891542720758996, 0.06739696494897214, 0.004913170715277036, 0.06738202150735832
2slce1013b0-a.png, 0.84605, 1.96339, 12, 0.31830988618409783, 0.0006333286684838531, 0.30083701240914823, 0.19041408177099278, 0.02635498729308696, 0.06654917777769812, 0.07280903315476764, 0.11613787395862037, 0.1171516211675755, 0.02091535351956873, 0.07518669357868692, 0.06003873631105608, 0.016966888628452054, 0.04591275832083933, 0.08680772336651041, 0.04113651150363698, 0.06817875782859979, 0.07864236245327653, 0.038277519652349545, 0.02014899499579822, 0.04510027298853621, 0.006492740855752363, 0.018596196100246435, 0.04712784946458651, 0.020589658163768575
2slce1013b0-b.png, 0.87942, 1.35574, 2, 0.3183098861767633, 0.0026761493610238437, 0.36232909495294674, 0.0817065994372364, 0.061864224746232446, 0.08765546596204686, 0.011931037752964975, 0.05047532296507374, 0.07309887919729506, 0.0221993835463084, 0.10110424082611344, 0.05549329043731593, 0.09789649628219123, 0.06048500896525712, 0.08491403400425442, 0.030136070434951197, 0.06709369415069937, 0.07357021358114979, 0.08029508954664573, 0.04100560468555289, 0.005013145629414872, 0.012202462786670924, 0.02826189961751402, 0.005823705174620675, 0.006521418798915237
2slce1014a0-a.png, 0.91589, 1.07745, 4, 0.31830988617182965, 1.8057546348214874e-06, 0.25566355723130363, 0.03304182508599293, 5.6436483393950796e-05, 6.61104423069698e-05, 0.11996712367906995, 0.019828648032450952, 0.11620523291534204, 0.00011287596967985545, 5.121813702904901e-05, 5.914371576700684e-05, 0.055380732211404306, 0.03699955959386519, 0.06020429966466238, 0.03622963570815145, 9.993544513959151e-05, 8.958711139920798e-05, 9.2392707127587e-05, 0.00011999303104200145, 0.06826379781140023, 0.01094527761548885, 0.07377383354820011, 0.011875808009188426, 0.06796158105591442
2slce1015a0-a.png, 0.65150, 1.61802, 4, 0.3183098861808786, 0.01866284962452299, 0.25500534803477015, 0.15711387505458155, 0.14673757765816703, 0.003398546703240685, 0.12313168362910479, 0.1011737359670028, 0.025671497244894415, 0.007280934737203565, 0.11363774496614923, 0.03648733170955914, 0.245256760872658, 0.12365223843278442, 0.10371759917059878, 0.1263206634578185, 0.039710296998674295, 0.08606802343634472, 0.05530006495761629, 0.07988215820597123, 0.21968750388448224, 0.22830224290193132, 0.13394046446192806, 0.18063454620880032, 0.1286021934631578
2slce1041a1-a.png, 0.88182, 1.70142, 15, 0.3183098861683467, 3.461432947396652e-05, 0.3148562226570744, 0.15219197341748042, 0.003513471407237434, 0.006980487865566344, 0.012953822245924122, 0.15203008251437208, 0.009513899657397715, 0.0030201347799133885, 0.0051260258705822185, 0.006440163491017283, 0.007574946973435122, 0.07582151077874417, 0.015131759468778063, 0.07794955960365586, 0.004282476743438954, 0.004892557427647636, 0.007587049294953347, 0.0057047546151576594, 0.04508714054184364, 0.0738786678050756, 0.07308044172997366, 0.06695059201539014, 0.059093406546466824
2slce1041a1-b.png, 0.76651, 1.88572, 0, 0.3183098861932705, 0.00012123423901335598, 0.270735965627441, 0.1913663545278304, 0.02439486164211468, 0.0020618210006374637, 0.0975728747374781, 0.08539504127636793, 0.05071452719496759, 0.008367831144547143, 0.10302998730642883, 0.004568337457795122, 0.2157203122629668, 0.23726867444822095, 0.06861347750333156, 0.07610380118134756, 0.02564435810079425, 0.17287537228299701, 0.025277054875843537, 0.020120355450626723, 0.018800398944930307, 0.13084020352899545, 0.06722878131257926, 0.04968936839659043, 0.09665950225498288
2slce1041a1-b1.png, 0.88708, 1.94374, 2, 0.31830988619588174, 7.603831115590481e-05, 0.300501665760072, 0.18028430607292248, 0.004984968879516458, 0.00522690068415614, 0.019621268009016646, 0.1582449951584581, 0.029092596705215783, 0.002233466835180929, 0.006963330254389255, 0.006076509275264294, 0.021575031085879437, 0.07835662059058109, 0.015073651252402103, 0.0644892879489216, 0.0007809152012148017, 0.005267433567844954, 0.002312417299846128, 0.001933131327489536, 0.08606362163418786, 0.05548906928250465, 0.08483951421928822, 0.061985084170433566, 0.0761107474548317
2slce1100a2-d.png, 0.98315, 3.43573, 4, 0.3183098861888583, 1.2019489003720739e-06, 0.3162555115793053, 0.2692368970032369, 1.3723038288790272e-06, 2.803618883153117e-06, 0.19684966702178713, 0.26576166604741047, 0.1968582494346193, 2.0031879073546914e-07, 1.922038387159179e-06, 5.545010227931122e-06, 0.1930388800136336, 0.1142737060140745, 0.19302699193083137, 0.11429393213062428, 3.6836263790253333e-06, 8.992802485283094e-07, 3.854009463816566e-06, 9.169058362770534e-06, 0.035779540355261895, 0.11130228787974764, 0.03579460890513486, 0.11127664969740104, 0.035823099225233114
2slce1100a2-d1.png, 0.90709, 3.31912, 1, 0.3183098861823291, 0.002539686958509961, 0.35044765948293816, 0.25448479995169365, 0.01744028045162293, 0.010827072942887286, 0.2160829947470274, 0.27640075203149544, 0.18743706833422388, 0.052790731144087805, 0.03933021999542371, 0.027940866225682714, 0.17282631494041317, 0.1484997030879186, 0.18837309577480127, 0.1218595718781762, 0.04942695546148746, 0.05226333272130271, 0.041689712442172115, 0.040723842261176604, 0.07403510352012116, 0.08266853414190599, 0.0712127235849017, 0.1085190964755597, 0.06301373626439438
2slce1100a2-d2.png, 0.97411, 3.44752, 4, 0.3183098861871059, 5.208537700252788e-05, 0.3201021329400646, 0.2676878819071869, 0.0028693562902331587, 0.0023763752824659543, 0.19774900634075526, 0.2676297939834552, 0.1962166919044811, 0.006281234254180581, 0.004666951450051181, 0.005180627530367681, 0.19044578419302857, 0.11742644672018, 0.19332361061785078, 0.11605826121472898, 0.007449004840336348, 0.007380817405551266, 0.00394742113473847, 0.006687564660797617, 0.040085986578749754, 0.10813137989773765, 0.03811163726016912, 0.11267562245715207, 0.039869732601368855
2slce1100a2-d3.png, 0.98182, 3.40727, 5, 0.3183098861888583, 1.2019489003720739e-06, 0.3162555115793053, 0.2692368970032369, 1.3723038288790272e-06, 2.803618883153117e-06, 0.19684966702178713, 0.26576166604741047, 0.1968582494346193, 2.0031879073546914e-07, 1.922038387159179e-06, 5.545010227931122e-06, 0.1930388800136336, 0.1142737060140745, 0.19302699193083137, 0.11429393213062428, 3.6836263790253333e-06, 8.992802485283094e-07, 3.854009463816566e-06, 9.169058362770534e-06, 0.035779540355261895, 0.11130228787974764, 0.03579460890513486, 0.11127664969740104, 0.035823099225233114
2slce1100a2-e1.png, 0.94065, 1.00242, 2, 0.3183098861930382, 3.224330300473007e-06, 0.22573767845771375, 0.0005619492730615254, 0.0001185398707538488, 0.00015444181220129847, 0.1302219098896632, 0.00027002134882837044, 0.12285264638579078, 0.0002616347771410247, 8.591168994753069e-05, 0.0001777033446391832, 0.0301860239502662, 0.0007118070955535054, 0.0393620686660569, 0.0005009802923711303, 0.0002480565968850461, 0.00011895952874882169, 0.00019994649193875858, 0.00020292839941531338, 0.07458989882602819, 3.668126905239533e-05, 0.08465083537339535, 0.00014353176878405372, 0.07415383622611581
2slce1100a2-f.png, 0.99909, 3.24169, 2, 0.3183098861785988, 1.4949237733318068e-05, 0.3078280793050217, 0.26663080696846214, 0.0008253588370264388, 0.0007934162584396431, 0.18763434280239905, 0.24884205800610687, 0.1888854274508683, 0.0001499631504707547, 0.0019953447903281714, 0.0018551045822324229, 0.16979362565322037, 0.09823032266984813, 0.1682735898978343, 0.1010996103243974, 0.0009008060780549212, 0.001484541752004135, 0.0028212017628940753, 0.0023866515198484226, 0.014506719799593884, 0.08562774483574041, 0.016109769851323577, 0.08257594371634362, 0.020185392824371078
2slce1100a2-f4.png, 0.99635, 2.76647, 4, 0.3183098861901277, 1.2094726807980862e-05, 0.313446308426732, 0.24605707134007265, 0.0005276037969783504, 0.0006259387658232879, 0.14513373210490338, 0.2383847992861452, 0.14646726222302095, 0.0004503734879146012, 0.0011329219733267357, 0.001562888522171323, 0.13981569137116784, 0.04322428151907938, 0.1383048631360366, 0.04607925269632938, 0.000946926948541499, 0.0008350413606318133, 0.0014721864382188212, 0.0023522886212422414, 0.03617513946809519, 0.04238978267416112, 0.034739943864785995, 0.039641889440933144, 0.03117754773960707
2slce1100a2-f5.png, 0.99635, 2.76645, 4, 0.3183098861891712, 1.2598983259079778e-05, 0.3130654494743345, 0.24620240521256478, 0.0005546141469511824, 0.0006581229759026333, 0.14530342830474458, 0.23792996090966978, 0.14665488965360138, 0.0004704878493643199, 0.0011936798924257709, 0.0016438600928258174, 0.1394446561647048, 0.04331148339081123, 0.13791653849383465, 0.04620580894767587, 0.0009919751212029851, 0.0008822051442837415, 0.001555462447235521, 0.0024747877682429384, 0.03624204192220118, 0.042224783979270146, 0.03479429730308221, 0.03944682554763364, 0.031178783206793556
2slce1981a1-h.png, 0.95402, 1.00162, 1, 0.31830988620157524, 2.6079898521912925e-07, 0.31591489344196283, 0.0005160278702914077, 1.0317206664860256e-06, 1.0429011896716058e-06, 0.10689698148105438, 0.00050826284896685, 0.10689345630430969, 2.3276043071729917e-06, 7.759446277664923e-07, 7.692085519861424e-07, 0.10449642325828666, 0.0005198726966292181, 0.10450134680447634, 0.0005198568645524581, 2.0635119807473923e-06, 2.058928603122576e-06, 2.049989040941292e-06, 2.090126314232324e-06, 0.06460482740576967, 0.0005043250805313556, 0.06461113767498526, 0.0005043453721140607, 0.06460480770892155
3034303000-a.png, 0.77260, 1.00632, 17, 0.31830988619222844, 5.544405648395446e-07, 0.23332387692372594, 0.022969460201175892, 0.0001615521072399857, 0.00026138136673631307, 0.09866653436646025, 0.03771902860660611, 0.10843064024150466, 0.000174722005467116, 4.304902073565866e-05, 6.30053511352565e-05, 0.006741979040856755, 0.003811688732444433, 0.12208154067157385, 0.050838380474910724, 4.760738995704772e-06, 1.2691286972056752e-05, 1.7443515443035126e-05, 1.6785502325746184e-05, 0.012841907462580866, 0.046018952639895236, 0.03167669342008843, 0.08039521284183447, 0.053010455141282053
4200005280-a.png, 0.96085, 10.23920, 20, 0.3183098861829817, 3.648500557419842e-06, 0.31859343070783835, 0.3118458757173989, 3.405337936357478e-05, 3.415897402646966e-05, 0.3015034384713981, 0.312152511175222, 0.3015107864541515, 6.616774096007503e-06, 8.984529610712399e-05, 9.572459674485379e-05, 0.30136165045762964, 0.28762051243756465, 0.30136151831701635, 0.2876608446762536, 5.264807665286718e-05, 3.3473013690478814e-05, 0.00015753452777987143, 0.00017885555822129797, 0.2705803784407891, 0.2864373286669591, 0.27056595241685916, 0.28642088819303374, 0.27071355961753923
8039302018-20.png, 0.43279, 4.60842, 0, 0.3183098861843296, 0.0033309578327056655, 0.22954699054970126, 0.3299427862841086, 0.1380088688455018, 0.11912459268829532, 0.1965760951543743, 0.27252459037797727, 0.26991064024874306, 0.20349133340715478, 0.08333915600170565, 0.22649518256391044, 0.22718388769340456, 0.13607704990955502, 0.3130844020442762, 0.15101288993372936, 0.2177920029399006, 0.23345412157750048, 0.03629939389272576, 0.2732678766834978, 0.03966255012780836, 0.17145980115106077, 0.1706875579386902, 0.28686997226662336, 0.012553780945624841
8039302018-a.png, 1.00000, 1.12372, 0, 0.31830988618968986, 3.0623947194225523e-07, 0.31581977720878096, 0.03698029822093888, 9.943546416858844e-07, 1.1531202243103384e-06, 0.10120142016959813, 0.036401731362266085, 0.10119723148140188, 2.67711185996317e-06, 5.344639152805315e-07, 1.2850635513608305e-06, 0.0988390941867852, 0.0362686805610825, 0.09884494296967959, 0.036267330506399416, 2.837190671528181e-06, 1.4269578552789218e-06, 2.423615864248806e-06, 1.6276867696551748e-06, 0.05443851582405497, 0.03514127339770484, 0.05444600940032451, 0.03514300314623015, 0.05443888942317362
8039302018-b.png, 0.28677, 1.26173, 13, 0.3183098861697093, 5.796864350863248e-07, 0.30989732965384104, 0.09072885750802233, 7.686992523551772e-06, 7.203097999915937e-06, 0.07438940775650466, 0.08593197683184628, 0.07433117686157596, 1.1293185052775248e-05, 1.0944082927181766e-05, 2.7232616614880553e-06, 0.06862138754416985, 0.07831011500251271, 0.06870216568052497, 0.07826504694858802, 8.794738389775456e-06, 2.082773419773786e-05, 5.419422720068721e-06, 1.5487048844492974e-05, 0.009941067805195297, 0.07022825138168035, 0.010043659938719104, 0.07028549911163974, 0.009971847643784218
8039302018-c.png, 0.99771, 4.24794, 0, 0.3183098861831164, 0.00024023510999067417, 0.4021050948320467, 0.24616668828721747, 0.03342605989731318, 0.03467475788396853, 0.30629449721622604, 0.29507513116794665, 0.2027091069259561, 0.053454694253229934, 0.0009919564232984625, 0.0641185889977391, 0.2271329688191402, 0.2287720831872889, 0.2271642113691484, 0.16438534386747503, 0.05345106237845314, 0.028446661587152207, 0.02808446871960219, 0.08497802769526254, 0.13691342428629097, 0.15145225712019364, 0.16402066212435268, 0.17379509333622603, 0.12697881999979416
8081003000-b.png, 0.88608, 1.29369, 21, 0.31830988620209727, 1.8528096376580188e-05, 0.31044125838888703, 0.08245084464660075, 0.001152143805531737, 0.0014160332055524402, 0.08109459964405084, 0.07758443808017629, 0.07862946117334907, 0.00014620945340861427, 0.0007986648297021262, 0.0003994265497411035, 0.07543037190112037, 0.0739186596649525, 0.07289664502698207, 0.07294867455747146, 0.002247770152809734, 0.000896690565767882, 6.835728361016679e-05, 0.00186566769475328, 0.02110208799185872, 0.06522395739533048, 0.016925633665023157, 0.06444890470073673, 0.016937393161217028
8084003007-f.png, 0.98304, 1.00239, 2, 0.31830988620521294, 3.236745602224437e-17, 0.3162611371063557, 0.0020579873074687313, 2.1523880453182092e-17, 4.09799185192008e-18, 0.10676563754172239, 0.002031496768409095, 0.10676350614345585, 2.6513979633957225e-18, 1.2332335045449616e-18, 2.8588441626495153e-18, 0.1047138515628653, 0.0020709558788839133, 0.10471682726129367, 0.002070917651033555, 6.4548580831052606e-18, 8.23715013680948e-18, 1.5162077311137388e-17, 8.47672649884477e-19, 0.06444014999637263, 0.002017936612577145, 0.06444396173399737, 0.002017985581740366, 0.06444013661038549
8084003008-c.png, 0.92568, 13.78779, 0, 0.31830988618244677, 0.00011962838587163151, 0.34131508951796136, 0.3033441616450648, 0.004323054300457519, 0.0015830200894800266, 0.2944364555630631, 0.34333605410886225, 0.2879824888722334, 0.013833069407214306, 0.011028631196340809, 0.004002686156406594, 0.25445304653714457, 0.34657474649083836, 0.3160021293357356, 0.276339424758677, 0.006279252253465661, 0.004692236403244122, 0.012368397515041367, 0.006052580352989292, 0.2907466451457996, 0.2813950890197847, 0.35015869633287, 0.28721050988908264, 0.26644454978431986
8084003008-d.png, 0.96450, 11.47897, 0, 0.3183098861812198, 0.00011325891766653044, 0.3035377360460828, 0.32044730026917195, 0.005747148238111845, 0.0017827042082972427, 0.2728565399405246, 0.3222708244814081, 0.31100732544099957, 0.006240983202155579, 0.0024388747339668913, 0.0025717444412193483, 0.26261841273640785, 0.2987108991571754, 0.3135401960087922, 0.2982622625212428, 0.018154841530738115, 0.003479406291129601, 0.0032145997828421998, 0.003290281749464646, 0.2232369849465425, 0.30083012879684357, 0.2833645462757835, 0.30132638038548315, 0.2824679134532732
8084003009-b.png, 0.91852, 14.02562, 0, 0.3183098861848371, 0.0021632388252197875, 0.33037096416010087, 0.30883902985268297, 0.00918984938673928, 0.005858247666777632, 0.36087238874881805, 0.2902458948640075, 0.3079680961724267, 0.05853364228954457, 0.021438425306524685, 0.002417918949733489, 0.3627546375201199, 0.29684069880211866, 0.2841510176419152, 0.30408883172367035, 0.008528423668015416, 0.05402620395260166, 0.0414871030309806, 0.003507956129191968, 0.30261372485489013, 0.3415074524762579, 0.2565187929415216, 0.285696375530934, 0.29622056596986635
8084003009-c.png, 0.92572, 13.79530, 0, 0.31830988618574785, 0.00010396373329469854, 0.3411661058955416, 0.30342166923552016, 0.004045472577161912, 0.0014705156636829109, 0.2947214375552389, 0.3430330838776617, 0.28815790432527, 0.013181736182431096, 0.01044078750626298, 0.003755256036857183, 0.2539515170475473, 0.3470462717467648, 0.3155409570859559, 0.27662106126006725, 0.006411367136044915, 0.004247610507673705, 0.011646026371764892, 0.005680247201736521, 0.29115644280281305, 0.28093297160098973, 0.3507021304375726, 0.28662576620574287, 0.26682973840078766
8084003009-d.png, 0.96450, 11.47897, 0, 0.3183098861812198, 0.00011325891766653044, 0.3035377360460828, 0.32044730026917195, 0.005747148238111845, 0.0017827042082972427, 0.2728565399405246, 0.3222708244814081, 0.31100732544099957, 0.006240983202155579, 0.0024388747339668913, 0.0025717444412193483, 0.26261841273640785, 0.2987108991571754, 0.3135401960087922, 0.2982622625212428, 0.018154841530738115, 0.003479406291129601, 0.0032145997828421998, 0.003290281749464646, 0.2232369849465425, 0.30083012879684357, 0.2833645462757835, 0.30132638038548315, 0.2824679134532732
8084003016-j1.png, 1.00000, 2.72222, 0, 0.31830988618416606, 9.278815314911125e-07, 0.31596771634202897, 0.24276742862782827, 5.96119460797592e-07, 2.3175643902612053e-06, 0.1399871256333024, 0.2391949131041468, 0.1399947915574223, 1.658101207226794e-06, 9.018095037473868e-07, 4.8285267912740295e-06, 0.13689229135807543, 0.037881044748735763, 0.13688166384413678, 0.03789731930399626, 5.582853466888965e-06, 2.21079917514145e-06, 2.9618225769067444e-06, 7.5043897570921e-06, 0.03838245094310273, 0.03673275633429522, 0.03836896515477071, 0.03671210398432859, 0.03835089952887485
8084003016-k.png, 0.42282, 1.91954, 13, 0.31830988619204387, 1.7706184620012315e-05, 0.29617348552277734, 0.19602474237812834, 0.0005894714755356598, 0.0005739309693684856, 0.04690705295934829, 0.16858105144717445, 0.04875878725523929, 0.00041458494404278, 0.0011833732850550912, 0.000842720220774971, 0.037786012319041176, 0.06074943821502495, 0.035437646011912266, 0.05768825346491711, 0.0004123986338317926, 0.0014635500980934406, 0.0009255155642828212, 4.849706478007332e-05, 0.09146374612778081, 0.044913699528573194, 0.08882821712306148, 0.04836722183286377, 0.08720324711876055
8084003016-k1.png, 0.42363, 1.91914, 7, 0.3183098861877388, 5.976057127594765e-07, 0.29372017188213523, 0.19674488757550224, 4.452187889520329e-05, 4.5499242587878624e-05, 0.046939344411235776, 0.16607791489967744, 0.04958808825504226, 3.105868145844847e-05, 8.918807961805648e-05, 6.609917180783169e-05, 0.037250487642939666, 0.06154398732622801, 0.03387364626831828, 0.057158831468358956, 2.875283834260986e-05, 0.00010634882874075608, 6.957370665884223e-05, 5.400860687500871e-06, 0.09345762170753419, 0.04341183780008637, 0.08964017927483375, 0.04839434263882012, 0.08731770946540632
8085003018-a1.png, 0.87467, 3.80750, 4, 0.3183098861856454, 0.015530590635102471, 0.4454851801597011, 0.21927445418307637, 0.03788112755346019, 0.018681736210708073, 0.2574530495213222, 0.35129397451120276, 0.14844674248767076, 0.07072800213449548, 0.06473968616258187, 0.03827959163285104, 0.2057412749140452, 0.23887559318549473, 0.23720939769723837, 0.10197907637409116, 0.02287286275634615, 0.05001805762427897, 0.06308667609351531, 0.05502373444655534, 0.15807092442573567, 0.1304510996577167, 0.1690658463015812, 0.13963571800407623, 0.07545584266909998
8085003018-c1.png, 0.99916, 1.67414, 0, 0.3183098861725586, 0.00021129066269278082, 0.29277308423311493, 0.15638412946985583, 0.0025921000142502485, 0.0024138743724928954, 0.014876381830413203, 0.13083335663308784, 0.009103404324677954, 0.0021805340770195383, 0.0039856985744585235, 0.0025238084955018685, 0.006851419117846633, 0.09497565778788074, 0.01314101336800775, 0.08737740565452819, 0.0007235476039098329, 0.005372345238380633, 0.001204585680691794, 0.0021613177633664667, 0.06956527215871663, 0.06212756628703907, 0.06399467029910849, 0.06916962156957225, 0.0629728476348436
8085003018-g1.png, 0.98721, 3.16841, 2, 0.31830988618922773, 1.0948437550867718e-06, 0.31615209049392146, 0.26072973733076826, 1.0743969919227615e-06, 2.611923095012645e-06, 0.1779305437945767, 0.25719490821625846, 0.17793895088613548, 7.719434253206783e-07, 1.5101908130484664e-06, 5.27833247953386e-06, 0.17431104442820192, 0.08737658852390354, 0.17429939512090076, 0.08739577032730828, 4.489134969990434e-06, 1.4909231371580775e-06, 3.459789268254623e-06, 8.619144985863035e-06, 0.00703294114406589, 0.08498183725792872, 0.007047713931098609, 0.08495751147663852, 0.007072928631752909
8085003018-k1.png, 0.99996, 2.74197, 0, 0.31830988619345646, 9.969696917111856e-05, 0.30785834085577346, 0.2468199732081308, 4.907524895103036e-05, 0.0005590317619476528, 0.14492477111701643, 0.23042745481719293, 0.14630165926152608, 0.0005392399493261578, 0.00025255869296262847, 0.001652995342433854, 0.13169781736740205, 0.04117656582986428, 0.13005641657085787, 0.04410253227090494, 0.001331262002285259, 0.00047001900954762106, 0.001091172582391002, 0.0029419875163356336, 0.03981939747936028, 0.03670667282825148, 0.03813048054722004, 0.03366564685518571, 0.034549042771363565
8085003019-p.png, 0.98018, 1.40561, 1, 0.31830988617705896, 4.2663746867231603e-07, 0.31566418057443413, 0.10910245602975434, 8.036268624759414e-07, 1.4151635533390966e-06, 0.05712070388930942, 0.10728886088126637, 0.05711575283431375, 3.178859478307105e-06, 1.37313112282016e-07, 2.417858291419897e-06, 0.055710347562555114, 0.08436554012399732, 0.05571724876637477, 0.08436083513748499, 4.682225759691203e-06, 2.8299908994787763e-07, 2.7425136206635028e-06, 4.0145232534132654e-07, 0.011722275957968563, 0.08158529855634969, 0.011713454666663592, 0.08159131264953565, 0.011718221425449142
8085003019-q.png, 0.98012, 1.61954, 1, 0.3183098861871092, 0.00443213592684401, 0.49302060717642565, 0.1053861821646505, 0.0585855782321919, 0.09498825371284093, 0.21584709495947466, 0.14154619169998903, 0.05139230046995718, 0.06923205316495772, 0.15820781807074094, 0.08121304120718417, 0.02820280837917198, 0.038311334932397, 0.0991030203470648, 0.02363581489170478, 0.02170864081519366, 0.09491971821534838, 0.11247321617607686, 0.0638664609996854, 0.12330263254369125, 0.03177231975146904, 0.07129143403974744, 0.023729809139320875, 0.04159813264120169
8085003020-e.png, 0.96744, 13.43098, 0, 0.31830988618495804, 2.20373792290433e-05, 0.334086417071645, 0.30673608436031796, 0.0015584078611375542, 0.0015721551982600176, 0.3367313317452743, 0.3087045888755836, 0.30036283057920393, 0.00411929431626864, 0.0015862610126200403, 0.0026120662216620183, 0.2934364167836269, 0.3361521991963823, 0.28546388007705387, 0.2947530932636174, 0.0034241554433368736, 0.007195658363864199, 0.0074331663014911495, 0.0026894912210082473, 0.28863575532543584, 0.3125843992416158, 0.31086456771821896, 0.2686669823361137, 0.28769980994285105
8085003020-i.png, 1.00000, 4.49760, 0, 0.318309886184389, 1.5847870918023949e-06, 0.31654627232862337, 0.288472712104225, 2.3836894557559952e-06, 3.506132362812554e-06, 0.24188304057604662, 0.285276118010871, 0.24189130263541442, 1.7617739668937284e-06, 3.4215948315137907e-06, 6.4671518307171104e-06, 0.23786586592906755, 0.18378507704597627, 0.237854434882392, 0.1838059497434047, 6.415600759716981e-07, 1.5275537732707155e-06, 5.507987750271751e-06, 1.0633772714511876e-05, 0.12055849283522402, 0.1797002515355797, 0.12057295953707989, 0.17967383481654522, 0.12060668847925694
8085003020-i1.png, 1.00000, 2.93229, 0, 0.31830988618759565, 1.0070589919554888e-06, 0.31605885015762525, 0.252133109660747, 8.249518209767796e-07, 2.4565075401594674e-06, 0.15943216285211181, 0.24856713235742683, 0.15944026873547787, 1.2408855328798045e-06, 1.1830712906403628e-06, 5.049104785850653e-06, 0.1560470210321591, 0.062480989141397894, 0.15603578598845064, 0.06249886847848923, 5.098014705287918e-06, 1.909286321631923e-06, 3.176678495320348e-06, 8.081218781371408e-06, 0.01714782304010824, 0.06068415256669981, 0.01713357035031512, 0.06066147018266762, 0.01711179835242637
8085003021-e.png, 0.96744, 13.43098, 0, 0.31830988618495804, 2.20373792290433e-05, 0.334086417071645, 0.30673608436031796, 0.0015584078611375542, 0.0015721551982600176, 0.3367313317452743, 0.3087045888755836, 0.30036283057920393, 0.00411929431626864, 0.0015862610126200403, 0.0026120662216620183, 0.2934364167836269, 0.3361521991963823, 0.28546388007705387, 0.2947530932636174, 0.0034241554433368736, 0.007195658363864199, 0.0074331663014911495, 0.0026894912210082473, 0.28863575532543584, 0.3125843992416158, 0.31086456771821896, 0.2686669823361137, 0.28769980994285105
8085003021-h1.png, 0.96882, 1.66236, 4, 0.31830988619233586, 1.0414818483866999e-06, 0.3156145516442966, 0.14993866304338094, 4.635745763659353e-07, 1.5392459902547578e-06, 0.012828339621279274, 0.1473995004886708, 0.01282118429616587, 1.6482345495089014e-06, 4.8944595398229965e-08, 1.4602367222668357e-06, 0.01251368243012811, 0.08465900063670284, 0.012523658703298045, 0.08464961639883747, 3.5877623248955555e-06, 1.4817764149293967e-06, 5.056850184818813e-07, 2.5159221758926477e-07, 0.05605358153649522, 0.08182359113329651, 0.05604082513661348, 0.081835590755161, 0.0560423486949177
8085003021-j.png, 1.00000, 4.49760, 0, 0.318309886184389, 1.5847870918023949e-06, 0.31654627232862337, 0.288472712104225, 2.3836894557559952e-06, 3.506132362812554e-06, 0.24188304057604662, 0.285276118010871, 0.24189130263541442, 1.7617739668937284e-06, 3.4215948315137907e-06, 6.4671518307171104e-06, 0.23786586592906755, 0.18378507704597627, 0.237854434882392, 0.1838059497434047, 6.415600759716981e-07, 1.5275537732707155e-06, 5.507987750271751e-06, 1.0633772714511876e-05, 0.12055849283522402, 0.1797002515355797, 0.12057295953707989, 0.17967383481654522, 0.12060668847925694
8085003021-j1.png, 1.00000, 2.93229, 0, 0.31830988618759565, 1.0070589919554888e-06, 0.31605885015762525, 0.252133109660747, 8.249518209767796e-07, 2.4565075401594674e-06, 0.15943216285211181, 0.24856713235742683, 0.15944026873547787, 1.2408855328798045e-06, 1.1830712906403628e-06, 5.049104785850653e-06, 0.1560470210321591, 0.062480989141397894, 0.15603578598845064, 0.06249886847848923, 5.098014705287918e-06, 1.909286321631923e-06, 3.176678495320348e-06, 8.081218781371408e-06, 0.01714782304010824, 0.06068415256669981, 0.01713357035031512, 0.06066147018266762, 0.01711179835242637
da23567a-a.png, 0.76288, 2.40657, 2, 0.3183098861811442, 0.002306856610591457, 0.42553129972625103, 0.18569625130380432, 0.04416836438431626, 0.0629800837861447, 0.2587106208796888, 0.21745385725606567, 0.10566373076774194, 0.05889164631410918, 0.059739464277983066, 0.11851486419084653, 0.07071317598964229, 0.18848821791769943, 0.06407422652455676, 0.05717633855622624, 0.044305469649341386, 0.09281219815523198, 0.10305643304324198, 0.1360339052943263, 0.005346715215807734, 0.10620407576791402, 0.05839207988161561, 0.01907770404504149, 0.016495537634339242
da23568a-a.png, 0.99790, 1.76193, 1, 0.3183098861898466, 3.067420672347734e-07, 0.30266753179700434, 0.16702848026486794, 1.2303072453466668e-05, 1.2402287811859953e-05, 0.005432795313053172, 0.1505817317094782, 0.006027319744038047, 1.8601333818741055e-05, 2.1473609432554646e-05, 2.1377098854140316e-05, 0.004700531483740647, 0.08301886941787763, 0.0038980839490613166, 0.08217268500914186, 2.788798674942579e-05, 3.1560906991291496e-05, 1.9434401027638588e-05, 2.0843894636697603e-05, 0.07378516607227145, 0.06740813471025146, 0.07280286525219469, 0.06844484151046218, 0.0727284067032937
da23568a-b.png, 0.98009, 1.69861, 2, 0.31830988618906997, 0.0005196774971037153, 0.34949707346695236, 0.14750708161644405, 0.030414189609968032, 0.04423217927753216, 0.013241252766941047, 0.14536643028870458, 0.04573176348646235, 0.022450172967341316, 0.022330211946982533, 0.05237869985342807, 0.043629181732326335, 0.0707502408645047, 0.016875108179559076, 0.04753927460226713, 0.02797910683043344, 0.01930921957196747, 0.061516667045100296, 0.019907729458430244, 0.06050434588493237, 0.08958534663735043, 0.05505560872370302, 0.04796852097812509, 0.0368013382348724
pm010a93-c.png, 0.55742, 3.34675, 1, 0.31830988618511113, 0.031845554724576584, 0.40312341677956953, 0.22198767007142536, 0.16042263740820542, 0.09164565314601898, 0.1833063258094918, 0.36938961308360424, 0.10393818980961726, 0.18319457701616224, 0.02205034494517988, 0.1482849112285857, 0.149927549348409, 0.34240859018392444, 0.16345365511644683, 0.0669158397643755, 0.18828936357668985, 0.19659174381122388, 0.1702461637326296, 0.12689764283775282, 0.2198507945706087, 0.18204200877631893, 0.25694269983858026, 0.0156952281262138, 0.10394461953328123
