1d60d1001b8-a1.png, 0.88316, 1.45010, 0
1d60d1001b8-a2.png, 0.88319, 1.45012, 0
1d60d1013b0-c.png, 0.90279, 1.48657, 1
1d60d1016b1-b.png, 0.55179, 1.00157, 10
1d60d1017b2-b.png, 0.99932, 1.32336, 0
1d60d1022a2-a.png, 0.91604, 1.19296, 7
1d60d1022a2-b.png, 0.99993, 1.55479, 0
1d60d1062a2-j1.png, 0.97153, 14.98698, 9
1d60d1062a2-k.png, 0.50927, 2.61435, 8
1d60d1062a2-k1.png, 0.35683, 3.31748, 6
1d60d1064a0-a.png, 0.99177, 13.94135, 4
1d60e1007b3-a.png, 0.86485, 2.09087, 7
1d60e1007b3-b.png, 0.97147, 3.14051, 1
1f80e1030a0-a.png, 0.70603, 1.18038, 5
1f80e1030a0-b.png, 0.92603, 1.12638, 4
1f80e1030a0-d.png, 0.98501, 2.60057, 97
1m86d1011c5-c.png, 0.99341, 1.40445, 2
1m86d1011c5-d.png, 0.97545, 30.63642, 11
1m86d1011c5-d1.png, 0.97570, 30.66463, 11
1m86d1011c5-e.png, 0.97119, 17.51302, 8
1m86d1011c5-f.png, 0.97735, 19.57652, 0
1m86d1011c5-g.png, 0.94442, 20.21568, 0
1m86d1012c5-b.png, 0.92968, 18.28752, 0
1m86d1012c5-c.png, 0.97055, 17.65204, 0
1m86d1012c5-d.png, 0.97256, 27.27573, 10
1m86d1012c5-d1.png, 0.97256, 27.29096, 10
1m86d1012c5-f.png, 0.97912, 17.57713, 5
1m86d1012c5-g.png, 0.99341, 1.40445, 2
1sl4e1020a3-g.png, 0.69239, 2.49929, 5
1sl4e1020a3-k.png, 0.99080, 2.05654, 2
1slcd1147c0-a3.png, 0.99061, 1.00142, 2
1slcd1148c0-a.png, 0.92694, 3.38358, 9
1slcd1148c0-a1.png, 0.96895, 3.45873, 5
1slcd1148c0-a3.png, 0.99061, 1.00159, 2
1slcd1149c0-a2.png, 0.98518, 1.66179, 2
1slcd1149c0-a6.png, 0.99279, 2.96525, 3
1slcd1149c0-a7.png, 0.98162, 1.15812, 3
1slcd1199c0-a.png, 0.99374, 1.15985, 4
1slcd1205a1-a.png, 0.98786, 1.05825, 5
1v80d2007a1-a.png, 0.90776, 2.84588, 5
1v80d3004b1-a.png, 0.93111, 3.17066, 5
2ak0e1019a0-a.png, 0.99083, 18.98449, 4
2m60d1003a5-b.png, 0.94541, 3.44763, 8
2m60d4027a0-a.png, 0.97279, 8.36406, 2
2m60d4027a0-b.png, 0.99058, 3.24797, 0
2slce1011a4-a.png, 0.86678, 1.43447, 59
2slce1011a4-a1.png, 0.67212, 75.32398, 2
2slce1011a4-b.png, 0.90926, 1.23375, 3
2slce1011a4-c.png, 0.99900, 10.28050, 2
2slce1011a4-e1.png, 1.00000, 2.38718, 0
2slce1013b0-a.png, 0.84605, 1.96339, 12
2slce1013b0-b.png, 0.87942, 1.35574, 2
2slce1014a0-a.png, 0.91589, 1.07745, 4
2slce1015a0-a.png, 0.65150, 1.61802, 4
2slce1041a1-a.png, 0.88182, 1.70142, 15
2slce1041a1-b.png, 0.76651, 1.88572, 0
2slce1041a1-b1.png, 0.88708, 1.94374, 2
2slce1100a2-d.png, 0.98315, 3.43573, 4
2slce1100a2-d1.png, 0.90709, 3.31912, 1
2slce1100a2-d2.png, 0.97411, 3.44752, 4
2slce1100a2-d3.png, 0.98182, 3.40727, 5
2slce1100a2-e1.png, 0.94065, 1.00242, 2
2slce1100a2-f.png, 0.99909, 3.24169, 2
2slce1100a2-f4.png, 0.99635, 2.76647, 4
2slce1100a2-f5.png, 0.99635, 2.76645, 4
2slce1981a1-h.png, 0.95402, 1.00162, 1
3034303000-a.png, 0.77260, 1.00632, 17
4200005280-a.png, 0.96085, 10.23920, 20
8039302018-20.png, 0.43279, 4.60842, 0
8039302018-a.png, 1.00000, 1.12372, 0
8039302018-b.png, 0.28677, 1.26173, 13
8039302018-c.png, 0.99771, 4.24794, 0
8081003000-b.png, 0.88608, 1.29369, 21
8084003007-f.png, 0.98304, 1.00239, 2
8084003008-c.png, 0.92568, 13.78779, 0
8084003008-d.png, 0.96450, 11.47897, 0
8084003009-b.png, 0.91852, 14.02562, 0
8084003009-c.png, 0.92572, 13.79530, 0
8084003009-d.png, 0.96450, 11.47897, 0
8084003016-j1.png, 1.00000, 2.72222, 0
8084003016-k.png, 0.42282, 1.91954, 13
8084003016-k1.png, 0.42363, 1.91914, 7
8085003018-a1.png, 0.87467, 3.80750, 4
8085003018-c1.png, 0.99916, 1.67414, 0
8085003018-g1.png, 0.98721, 3.16841, 2
8085003018-k1.png, 0.99996, 2.74197, 0
8085003019-p.png, 0.98018, 1.40561, 1
8085003019-q.png, 0.98012, 1.61954, 1
8085003020-e.png, 0.96744, 13.43098, 0
8085003020-i.png, 1.00000, 4.49760, 0
8085003020-i1.png, 1.00000, 2.93229, 0
8085003021-e.png, 0.96744, 13.43098, 0
8085003021-h1.png, 0.96882, 1.66236, 4
8085003021-j.png, 1.00000, 4.49760, 0
8085003021-j1.png, 1.00000, 2.93229, 0
da23567a-a.png, 0.76288, 2.40657, 2
da23568a-a.png, 0.99790, 1.76193, 1
da23568a-b.png, 0.98009, 1.69861, 2
pm010a93-c.png, 0.55742, 3.34675, 1
